190.98.50.1, 190.98.50.2; 10, 40
190.98.50.1, 155.87.30.3; 10, 25, 52, 70
190.98.50.1, 155.87.30.4; 10, 25, 52, 60
190.98.50.2, 155.87.30.3; 40, 25, 52, 70
190.98.50.2, 155.87.30.4; 40, 25, 52, 60
155.87.30.3, 155.87.30.4; 70, 60
190.98.50.2, 190.98.50.1; 40, 10
155.87.30.3, 190.98.50.1; 70, 52, 25, 10
155.87.30.4, 190.98.50.1; 60, 52, 25, 10
155.87.30.3, 190.98.50.2; 70, 52, 25, 40
155.87.30.4, 190.98.50.2; 60, 52, 25, 40
155.87.30.4, 155.87.30.3; 60, 70